                Word | Line Numbers
--------------------------------------------------
                 end | 32, 34
          chrysostom | 32, 34
                john | 32, 34
            invictus | 30, 32
            birthday | 30, 30, 32
               agree | 30, 32
                 not | 30, 32, 34
                 did | 30, 32
                 set | 30, 32
            earliest | 30, 30
            medieval | 27, 29
                 all | 24, 24
                 him | 24, 24
             matthew | 24, 24
                luke | 24, 24
            epiphany | 18, 34
                also | 5, 10, 13, 16, 30, 30
                east | 34, 34
                 for | 5, 5, 7, 18, 24, 24
            nazareth | 24, 24
          liturgical | 1, 32
                   a | 1, 1, 1, 1, 1, 3, 7, 7, 7, 7, 7, 7, 11, 11, 24, 24, 24, 
                       24, 30
            calendar | 5, 5, 5, 7, 30
           gregorian | 5, 5
           celebrate | 5, 5
               roman | 5, 5, 32, 32
              winter | 5, 32
              church | 5, 7, 30, 32
               early | 5, 27, 32, 32
                 are | 5, 7
                used | 5, 13
                been | 5, 32
                most | 5, 32
             christs | 11, 34
                this | 3, 13, 32, 32, 32, 34
             century | 5, 16, 29, 30, 32, 34, 34, 34
               birth | 1, 5, 5, 16, 16, 30, 34, 34
              slavic | 18, 18
                 had | 3, 7, 16, 32
              empire | 5, 32
               world | 1, 5, 5, 7
                were | 3, 30
            although | 13, 30
               feast | 1, 16, 34
                with | 3, 3, 7, 7, 16, 32, 34
                word | 3, 11, 11, 13
              advent | 1, 7, 7
               first | 1, 16
        christianity | 1, 34
                  or | 7, 16, 16, 16, 18
                king | 24, 24
                  an | 1, 1, 7, 7, 13, 30
              people | 1, 24
                  is | 1, 1, 1, 1, 5, 5, 11, 11, 11, 11, 13, 13, 13, 16, 16, 
                       18, 24, 30, 32
           primarily | 1, 34
                that | 3, 5, 30, 30, 32, 32, 34, 34
             january | 5, 16, 34
             holiday | 1, 1, 7, 7, 16, 34
                born | 3, 3, 24, 24, 24
         celebrating | 5, 30
              during | 7, 13
         celebration | 1, 11
               where | 3, 13, 32
                  it | 1, 5, 30
               latin | 11, 16, 16, 16
                  of | 1, 1, 1, 1, 1, 3, 5, 5, 5, 5, 5, 5, 5, 7, 7, 7, 7, 7, 
                       11, 11, 11, 13, 13, 21, 23, 24, 24, 24, 24, 24, 29, 29, 
                       29, 30, 30, 30, 30, 30, 32, 32, 32, 32, 32, 32, 32, 32, 
                       34, 34, 34, 34, 34, 34
                  to | 1, 3, 5, 5, 7, 16, 16, 16, 18, 18, 18, 24, 24, 24, 24, 
                       24, 24, 24, 24, 24, 30, 32, 32
                 the | 1, 1, 1, 1, 1, 3, 3, 3, 3, 3, 3, 3, 5, 5, 5, 5, 5, 5, 5, 
                       5, 5, 5, 5, 5, 5, 5, 5, 5, 5, 5, 7, 7, 7, 7, 7, 7, 11, 
                       11, 11, 11, 11, 11, 11, 13, 13, 13, 13, 13, 16, 16, 16, 
                       16, 16, 16, 16, 16, 16, 16, 18, 18, 23, 24, 24, 24, 24, 
                       24, 24, 24, 24, 24, 29, 30, 30, 30, 30, 30, 30, 30, 30, 
                       30, 30, 32, 32, 32, 32, 32, 32, 32, 32, 32, 32, 32, 32, 
                       32, 34, 34, 34, 34, 34, 34, 34, 34, 34, 34, 34, 34, 34, 
                       34
            solstice | 5, 32
            followed | 1, 34
               which | 1, 5, 5, 16, 30
              joseph | 3, 24
               jesus | 1, 3, 3, 21, 24, 24, 24, 34
                 was | 3, 3, 13, 16, 32, 32, 32, 34, 34, 34, 34, 34
          throughout | 5, 16
              middle | 13, 13
                 day | 1, 16
            nativity | 3, 7, 7, 16, 20, 21, 29
                  in | 1, 1, 3, 3, 3, 3, 5, 5, 5, 5, 5, 5, 5, 7, 7, 11, 11, 13, 
                       13, 13, 16, 16, 16, 24, 24, 24, 24, 24, 24, 30, 32, 32, 
                       32, 34, 34, 34, 34, 34, 34, 34, 34, 34, 34, 34
            festival | 1, 7, 32
                  on | 1, 1, 1, 5, 5, 5, 13, 30, 32, 32, 34
              annual | 1, 1
                many | 1, 1, 7, 7
                 has | 5, 7, 7, 13, 16
                than | 5, 24
           generally | 18, 32
        abbreviation | 13, 13, 13
                  by | 1, 1, 1, 23, 24, 32, 32, 34, 34
                 and | 1, 1, 1, 1, 3, 3, 7, 7, 7, 7, 7, 7, 7, 7, 7, 7, 7, 7, 
                       11, 11, 13, 16, 16, 18, 24, 24, 24, 24, 24, 24, 27, 30, 
                       32, 32, 32, 34
           shepherds | 3, 23, 24
                date | 5, 5, 5, 5, 5, 30, 32, 32, 32, 32
                from | 11, 11, 13, 16, 16, 16, 16, 18, 24, 29, 30, 32
           christmas | 1, 1, 1, 3, 5, 7, 7, 7, 7, 7, 7, 7, 7, 7, 7, 7, 11, 13, 
                       16, 18, 18, 32, 32, 34, 34
             various | 7, 7, 16
             history | 16, 26
                part | 1, 5, 32, 34
                mary | 3, 24, 24
              angels | 3, 24
                  as | 1, 1, 1, 3, 5, 7, 11, 16, 16, 16, 24, 30, 32, 34
               known | 3, 7
                more | 5, 16, 18
           countries | 1, 5, 7
              season | 1, 7
         traditional | 3, 18, 32
            december | 1, 5, 5, 5, 16, 30, 32, 32
          celebrated | 1, 34, 34
              jesuss | 5, 5, 30
                mass | 11, 13
             ÎÏÎÏÏÏÏ | 11, 13
        prechristian | 7, 18
              nowell | 16, 16
          traditions | 7, 7
              gospel | 24, 24
              fourth | 5, 32, 34
               there | 5, 24
               other | 7, 15, 16
          christians | 1, 5, 5, 30, 32
          associated | 7, 7
               three | 24, 24
                they | 3, 30
               gifts | 7, 24
                 sol | 30, 32
           nÄtÄvitÄs | 16, 16
            economic | 7, 7
                have | 7, 7
                  ad | 32, 32
            referred | 16, 16
              period | 7, 16, 18
             english | 11, 13, 13, 16, 16, 16
                rome | 32, 32
               greek | 11, 13, 13
             meaning | 11, 13, 16, 16
            observed | 1, 1
                some | 13, 13, 18
                 but | 13, 24, 34
                 its | 13, 16
           christian | 5, 7, 13, 16, 32
                form | 5, 11, 13
               names | 15, 16, 30
           bethlehem | 3, 24, 24, 24, 24
                 old | 16, 16, 24
              christ | 1, 3, 10, 11, 13, 29
                  th | 16, 29
